52
44
43
11
41
41
44
41
41
41
41
41
100
11
35
32
42
32
21
61
13
31
400
100
32
43
100
11
43
33
36
54
43
35
44
53
65
100
51
35
32
33
32
100
37
65
34
51
21
51
64
81
23
45
42
400
21
42
33
43
37
400
23
11
53
51
33
34
31
11
33
37
32
100
41
42
35
37
100
51
100
34
44
37
61
11
100
15
35
44
50
37
100
11
100
100
35
51
32
21
11
51
100
15
400
42
41
61
14
44
51
33
11
44
65
33
33
51
21
100
100
23
400
22
400
100
51
11
11
32
23
44
44
100
34
35
44
36
33
53
100
44
32
33
44
100
33
100
400
14
44
32
32
32
34
41
34
43
43
37
100
43
32
43
43
43
43
43
43
22
51
100
31
51
43
100
100
21
51
100
100
35
100
41
15
41
400
44
12
71
43
32
41
63
100
100
100
400
45
51
11
32
14
46
14
21
37
43
43
43
43
43
43
50
32
100
100
14
53
13
37
61
52
31
22
32
22
35
50
100
50
100
100
100
31
100
51
43
21
53
100
44
100
33
46
400
100
400
100
53
31
53
42
11
33
41
23
44
43
42
12
50
32
44
21
37
100
33
44
400
45
45
100
11
53
11
100
44
44
100
100
41
43
11
11
100
23
43
100
100
44
71
46
32
46
44
52
31
400
100
400
34
11
43
53
100
44
44
52
41
44
100
44
400
44
45
12
32
41
32
31
44
44
37
44
31
42
11
400
43
100
42
34
41
100
13
100
44
51
51
42
41
13
33
37
44
400
32
37
33
44
44
32
32
11
71
37
43
13
36
32
32
100
11
35
61
400
44
45
41
23
13
21
42
100
21
100
11
33
44
41
11
52
41
100
33
15
14
11
44
51
100
21
13
32
53
41
44
44
15
11
44
33
44
37
37
35
43
21
32
11
61
33
32
46
11
100
36
43
43
13
100
100
100
44
32
44
100
53
400
51
61
46
100
42
32
50
37
12
400
44
52
100
100
50
100
37
100
31
100
43
43
44
44
42
44
82
43
44
43
43
43
32
32
35
42
32
43
100
11
33
100
44
45
100
45
44
36
32
13
44
11
400
51
41
36
44
100
81
53
44
42
43
32
61
51
51
41
44
51
42
100
43
11
37
43
14
51
100
42
100
32
32
43
32
400
31
45
41
13
41
32
32
61
32
400
400
61
32
100
100
37
44
42
21
45
51
52
36
100
32
44
51
33
11
11
13
44
62
61
33
34
44
35
42
11
100
400
35
32
51
44
22
32
44
13
100
12
44
100
100
11
44
100
51
400
44
11
44
400
34
32
37
31
41
23
37
33
51
42
400
65
41
41
44
31
45
11
37
400
15
44
15
44
400
100
100
100
100
32
32
11
34
81
100
44
44
53
22
11
61
37
400
53
42
21
400
44
63
52
42
100
100
32
44
37
45
50
400
400
400
21
100
21
400
41
50
33
100
11
81
23
37
33
11
400
45
14
32
61
100
44
44
51
31
41
32
51
21
22
81
44
34
32
44
51
44
23
51
82
82
42
43
11
37
50
37
43
42
50
100
100
100
33
15
37
50
